[section7]
campaign_id = "section7"
seed = 20260717
instances_per_size = 20
all_sizes = [2, 3, 4, 5, 6, 7, 8, 9, 10, 11, 15, 20]
fully_static_sizes = [2, 3, 4, 5, 6, 8, 9, 10]
adaptivity_sizes = [2, 3, 4, 5, 6, 7, 8, 10, 15, 20]
outside_option = 1.0
round_digits = 2

[section7.algorithms]
fully_static_rounding_reps = 50
one_sided_static_reps_per_side = 50
one_sided_adaptive_reps_per_side = 1000

[section7.solver]
time_limit_seconds = 7200.0
mip_gap = 0.01
threads = 1
output = false

[section7.benchmarks]
max_exact_os_size = 4
max_opt_oa_size = 7
max_opt_fa_size = 6

[figure3]
campaign_id = "figure3"
seed = 20260718
sizes = [50, 100, 200, 500]
q_values = [1, 2, 3, 4, 5, 6, 7, 8, 9, 10]
group_scales = [0.5, 1.0, 2.0]
nonzero_probability = 0.7071067811865476
outside_option = 1.0
round_digits = 2
fully_static_rounding_reps = 10
one_sided_static_reps_per_side = 10
one_sided_adaptive_reps_per_side = 10

[figure4]
campaign_id = "figure4"
seed = 20260719
sizes = [50, 100, 200, 500]
instances_per_size = 50
q = 10
group_scales = [0.5, 1.0, 2.0]
nonzero_probability = 0.7071067811865476
outside_option_values = [0.03125, 0.05787037037037037, 0.1071554974962858, 0.19842513149602495, 0.3674336230688994, 0.6803950000871885, 1.2599210498948732, 2.333058079152233, 4.320238955569225, 8.0]
round_digits = 2
fully_static_rounding_reps = 10
one_sided_static_reps_per_side = 10
one_sided_adaptive_reps_per_side = 10
