campaign_id = "appendix-g-outside-option-corrected-v1"
seed = 20260719
generated_sizes = [20, 50, 100, 200, 500]
figure_sizes = [50, 100, 200, 500]
instances_per_size = 50
q = 10
group_scales = [0.5, 1.0, 2.0]
nonzero_probability = 0.7071067811865476
customer_distribution = "exponential"
supplier_distribution = "uniform"
outside_option_values = [0.03125, 0.05787037037037037, 0.1071554974962858, 0.19842513149602495, 0.3674336230688994, 0.6803950000871885, 1.2599210498948732, 2.333058079152233, 4.320238955569225, 8.0]
round_digits = 2

[algorithms]
fully_static_rounding_reps = 50
one_sided_static_construction_reps = 50
one_sided_static_evaluation_reps = 50
one_sided_adaptive_reps_per_side = 50
